723.6667 61.34455 2690.317;
755.551 62.19212 2645.567;
821.5221 54.87345 2604.747;
863.0769 46.11952 2642.69;
901.0789 37.94343 2715.42;
994.7867 31.87831 2736.098;
1068.194 30.50879 2724.414;
1081.003 32.98515 2656.111;
1082.784 25.37227 2588.118;
1157.024 33.55783 2549.633;
1247.978 29.37548 2556.829;
1275.926 31.8139 2626.516;
1277.453 31.5062 2662.723;
1381.226 30.22697 2758.896;
1381.226 30.22697 2758.896;
1446.701 28.56246 2740.738;
1485.444 27.96381 2582.149;
1512.381 27.96381 2455.034;
1573.168 28.515 2279.707;
1619.766 27.5641 2172.399;
1574.306 28.28028 2140.805;
1507.493 28.28028 2110.627;
1425.951 28.28028 2067.243;
1378.614 28.28028 1999.113;
1311.34 28.66462 1962.384;
1260.641 25.70455 1928.046;
1199.066 29.52862 1856.121;
1099.787 28.52889 1808.989;
1055.046 28.40594 1766.592;
1017.055 29.97161 1790.396;
914.8353 26.01158 1801.333;
893.4365 27.1661 1878.27;
817.6579 26.65648 1942.456;
774.4735 26.66523 1983.046;
763.1754 26.66523 2052.237;
742.8679 26.66523 2127.744;
735.2499 26.66523 2180.993;
753.9227 26.66523 2227.084;
791.6338 26.75487 2247.482;
773.5769 27.20625 2283.949;
745.7892 27.36194 2311.28;
756.0593 28.87895 2351.872;